5000008	
5000015	5000016	335	5000023	5000025	335	5000048	5000049	5000050	335	
5000066	5000067	5000068	5000074	5000075	335	5000088	335	
5000099	5000100	335	5000109	5000112	5000113	335	5000122	335	
5000135	5000136	335	5000148	5000153	5000154	5000155	335	
5000167	5000168	335	5000177	5000181	335	5000190	335	5000195	335	
5000201	335	
5000216	
5000222	5000231	335	5000237	335	
5000246	5000257	335	5000263	335	5000274	5000275	5000277	5000278	335	
5000285	5000300	335	5000309	335	
5000317	5000327	335	5000333	335	5000341	5000342	335	
5000348	335	
5000357	
5000362	5000363	335	5000368	335	5000373	335	
5000380	5000381	335	5000388	5000389	5000390	335	5000397	335	
5000403	5000404	335	5000411	335	5000417	335	
5000423	5000424	335	5000429	335	5000434	335	
5000440	335	